#,0,1,2,3,4,5,6,7,8,9,10,11
1,(出卖色相),,-1,（魅惑之术……）,1,,TIME&5,2,END&500001&1,0,,0
2,美色换取功法,0,0,MN偶遇D0，记起自己求而不得的功法，便走上前去道：\n“日夜苦修何其枯燥，你送我本功法，我叫你尝尝快活的滋味，如何？”\n语毕，MN暗自运起苦练多时的魅惑之术，D0果然意动，“那你想要什么功法？”,1,3|4,,,,0,,0
3,(选择功法),,-1,我想要的是……,1,,,-1,,0,,0
4,(其他话题……),,-1,我与你说笑呢，何必当真,1,,,-1,END&500001&2,0,,0
5,诱惑成功,0,0,D0略作思忖，又见MN目光款款，心中似有烈火燃起\n“既如此，你我快活过后，这本D1就是你的了。”,1|5,7|8,,,,0,,0
6,诱惑失败,0,0,就凭你这等残花败柳之姿，也敢肖想我的D1？,1|5,9,,,,0,,0
7,(干!),,-1,走吧ヽ(=∀=＠)人(´∀｀＠)ノ,1,,,-1,TIME&5|END&500002&1,0,,0
8,(反悔),,-1,我思来想去，这等行事终是为人不齿，还是作罢,1,,,-1,END&500002&2,0,,0
9,(淦!),,-1,可恶 (〃＞皿＜),1,,,-1,END&500002&3,0,,0
