#,0,1,2,3,4,5,6,7,8,9,10,11
1,Defult,0,0,特别鸣谢：@七街城酒,1,24,,,,0,,0
2,Defult,0,0,特别鸣谢：文学顾问兔兔&琦琦,1,24,,,,0,,0
3,TheWorldOverHeaven,0,0,(你的真实已经被窝覆写！！！),1,24,,,,0,,0
11,星降T-初回&不渝,0,0,MN与D0已经结发成礼，两人恩爱无已，情意深重，与寻常夫妇无异……\nMN虽自成婚之时就已然下定决心，但无法与D0生育后代，终觉些许遗憾……,1,13,,,,0,,0
12,星降J-初回&不渝,0,0,MN与D0已经结发成礼，两人恩爱无已，情意深重，与寻常夫妇无异……\nMN虽自成婚之时就已然下定决心，但无法与D0生育后代，终觉些许遗憾……,1,14,,,,0,,0
13,,,-1,（若是能添个一儿半女……）,1,,,15,,0,,0
14,,,-1,（若是能添个一儿半女……）,1,,,16,,0,,0
15,星降2T,0,0,这日……MN又与D0共度良宵，两人情意缠绵，难舍难分……\n\n是夜……MN的睡梦之中……\nMN梦见自己与D0漫步于海滨，忽有幻霞生于海面，\n空中华光一现，竟是陨星从天而降，向着自己和D0飞来……,1,17,,,,0,,0
16,星降2J,0,0,这日……MN又与D0共度良宵，两人情意缠绵，难舍难分……\n\n是夜……MN的睡梦之中……\nMN梦见自己与D0漫步于海滨，忽有幻霞生于海面，\n空中华光一现，竟是陨星从天而降，向着自己和D0飞来……,1,18,,,,0,,0
17,,,-1,（触摸流星……）,1,,,19,,0,,0
18,,,-1,（见流星落入D0怀中……）,1,,,20,,0,,0
19,星降3T,0,0,MN从梦中惊醒，果真有点点微光汇聚于自己周身，久久不散……,1,21,,,,0,,0
20,星降3T,0,0,MN从梦中惊醒，果真有点点微光汇聚于D0周身，久久不散……,1,21,,,,0,,0
21,星降END,,-1,（难道……）,1,,,-1,,0,,0
22,星降NT,0,0,这夜……MN的睡梦之中……\n\nMN梦见自己与D0漫步于海滨，忽有幻霞生于海面，\n空中华光一现，竟是陨星从天而降，向着自己和D0飞来……,1,17,,,,0,,0
23,星降NJ,0,0,这夜……MN的睡梦之中……\n\nMN梦见自己与D0漫步于海滨，忽有幻霞生于海面，\n空中华光一现，竟是陨星从天而降，向着自己和D0飞来……,1,18,,,,0,,0
24,（我是手工分界线——————————————）,,-1,（！这是替身攻击！！！）,1,,,-1,,0,,0
25,N3T,0,0,这日……MN与D0正梳洗整装……\n\n突然MN腹中微微颤动，身体有了一丝异样的感觉……,1,27,,,,0,,0
26,N3T,0,0,这日……MN与D0正梳洗整装……\n\nD0突然身体微微颤抖，说自己有一种异样的感觉……,1,28,,,,0,,0
27,NEND,,-1,（不解……）,1,,,-1,,0,,0
28,NEND,,-1,（莫不是吃坏了肚子……）,1,,,-1,,0,,0
30,感谢信红,0,0,<color=#E4504DFF>「七街城酒[emoji]」</color>\n这位大佬给了我很多程序上的支援和指点，\n没有他的帮助，这个MOD绝对做不出来\n虽然程序里已经到处是他的感谢信息，但还是再一次向大佬致谢！,1,40,,,,0,,0
31,感谢信1,0,0,以下是MOD的致谢名单：,1,41,,,,0,,0
32,感谢信黄,0,0,<color=#8FBAE7FF>「七街城酒[emoji]」</color>\n这位大佬给了我很多程序上的支援和指点，\n没有他的帮助，这个MOD绝对做不出来\n虽然程序里已经到处是他的感谢信息，但还是再一次向大佬致谢！,1,39,,,,0,,0
33,感谢信蓝,0,0,<color=#63CED0FF>「七街城酒[emoji]」</color>\n这位大佬给了我很多程序上的支援和指点，\n没有他的帮助，这个MOD绝对做不出来\n虽然程序里已经到处是他的感谢信息，但还是再一次向大佬致谢！,1,42,,,,0,,0
34,感谢信4,0,0,文学顾问：<color=#AE5AC8FF>「兔兔」</color>&<color=#AE5AC8FF>「琦琦」</color>\n杂学顾问：<color=#AE5AC8FF>「香香」</color>\n谢谢你们的支持和陪伴！,1,43,,,,0,,0
35,感谢信5,0,0,测试员：<color=#E3C66DFF>「宗政楠」</color>&<color=#8FBAE7FF>「太叔素豪」</color>\n某种意义上两位的付出是最多的，\n以后也要来测试我的MOD啊<color=#4B4B4BFF>（毕竟根本没有拒绝的选项嘛）</color>！,1,44,,,,0,,0
36,感谢信6,0,0,最后要感谢主创<color=#AE5AC8FF>「茄子」</color>以及<color=#AE5AC8FF>「螺舟工作室」</color>，\n创作了<color=#AF3737FF>「神一品」</color>·<color=#F28234FF>「C#教程」</color>·<color=#E4504DFF>《太吾绘卷》</color>\n<color=#4B4B4BFF>（虽然我偷师了「茄子」的C#，内息紊乱+100000000（泣））</color>\n\n当然也感谢您的下载和使用。最后的最后，祝您游戏愉快。,1,47,,,,0,,0
39,2&3to4,,-1,（七街城酒[emoji]大佬牛啤！！！！！！）,1,,,-1,END&8010&8012&2,0,,0
40,2&3to4,,-1,（七街城酒[emoji]大佬牛啤！！！！！！）,1,,,-1,END&8010&8012&0,0,,0
41,1to2,,-1,（………………）,1,,,32,,0,,0
42,2&3to4,,-1,（七街城酒[emoji]大佬牛啤！！！！！！）,1,,,-1,END&8010&8012&3,0,,0
43,4to5,,-1,（……………………）,1,,,35,,0,,0
44,5to6,,-1,（…………………………）,1,,,36,,0,,0
46,6toX,,-1,（………………）,1,,,-1,END&8010&8011,0,,0
47,END,,-1,（~END~）,1,,,-1,,0,,0
51,基友生下男孩,0,0,D0十月怀胎，终于顺利诞下一名活泼可爱的男婴……,1|1,61|65|66,,,,0,,0
52,基友生下女孩,0,0,D0十月怀胎，终于顺利诞下一名活泼可爱的女婴……,1|1,62|65|66,,,,0,,0
53,太污生下男孩,0,0,MN十月怀胎，终于顺利诞下一名活泼可爱的男婴……,1|1,63|65|66,,,,0,,0
54,太污生下女孩,0,0,MN十月怀胎，终于顺利诞下一名活泼可爱的女婴……,1|1,64|65|66,,,,0,,0
61,基友男孩,,-1,（以D0的姓氏给孩子取名……）,1|1,,,51,RM|END&8010&8013&1,0,,0
62,基友女孩,,-1,（以D0的姓氏给孩子取名……）,1|1,,,52,RM|END&8010&8013&1,0,,0
63,太吾男孩,,-1,（以自己的姓氏给孩子取名……）,1|1,,,53,RM|END&8010&8013&2,0,,0
64,太吾女孩,,-1,（以自己的姓氏给孩子取名……）,1|1,,,54,RM|END&8010&8013&2,0,,0
65,,,-1,（亲自给孩子取个名字……）,1|1,,,229,INPUTSIZE&3,0,,0
66,,,-1,（让D0给孩子取个名字……）,1|1,,,228,,0,,0
71,流产沙雕事件&太吾的场合,0,0,这一日，MN想吃陈皮兔……\n\nMN想自己虽身怀六甲，捉只野兔野兔也非什么难事，便去仓库里寻些陷阱诱饵之类……\nMN在仓库中一通翻找，看见所寻之物放在高处，正欲搬梯子去拿，\n忽然腹内一阵抽搐，紧接着剧痛不止…………,1,81,,,,0,,0
72,病院J,0,0,D0自从身怀六甲，腹中时有疼痛……\n\n这一日，D0正闭目静坐，忽然身体一歪，翻倒在地……,1,82,,,,0,,0
81,1to3,,-1,D0…………………（失去知觉…………）,1,,,73,,0,,0
82,2to4,,-1,D0——————！！！！！,1,,,74,,0,,0
73,流产沙雕事件&太吾的场合二,0,0,不知过去多久……MN悠悠转醒………………\n只见D0关切的凑到自己身前……\n\n原来MN动了胎气，幸有医术精湛的游医路过，\n一番诊治，这才保全了胎儿……,1,83,,,,0,,0
74,病院J2,0,0,不知过去多久……MN悠悠转醒………………\n只见D0关切的凑到自己身前……\n\n原来MN动了胎气，幸有医术精湛的游医路过，\n一番诊治，这才保全了胎儿……,1,84,,,,0,,0
83,3to5,,-1,（………）,1,,,75,,0,,0
84,4to6,,-1,D0——————！！！！！,1,,,76,,0,,0
75,流产沙雕事件&太吾的场合三,0,0,“你已元气大伤，应安静调养，可不能再妄动！”\n\n此后，D0寸步不离的照料MN，对MN关怀备至……\nMN渐渐恢复了健康……\n\n<color=#4B4B4BFF>（MN因健康过低，险些流产！若再动胎气，必将胎儿不保……）</color>,1,85,,,,0,,0
76,病院J3,0,0,不知过去多久……MN悠悠转醒………………\n只见D0关切的凑到自己身前……\n\n原来MN动了胎气，幸有医术精湛的游医路过，\n一番诊治，这才保全了胎儿……,1,84,,,,0,,0
85,沙雕END,,-1,（陈皮兔……吸溜……………………）,1,,,-1,,0,,0
